3

3
1
2
3

10
3
8
1
5
10
4
9
2
7
6

1000
35
25
38
22
42
22
3
32
44
29
5
9
24
47
12
30
34
34
36
23
40
30
0
14
15
5
48
6
5
45
34
34
42
20
14
24
13
47
47
29
40
16
29
48
0
49
38
31
1
49
35
27
10
9
12
25
13
36
6
13
34
30
27
37
17
14
0
11
10
19
42
36
11
0
3
14
44
43
28
0
38
46
46
14
49
49
42
9
44
22
45
8
39
5
6
32
21
32
20
31
10
9
29
49
48
19
22
18
13
49
16
10
16
4
43
25
23
36
44
36
21
20
15
8
46
16
23
31
48
29
1
7
23
1
34
12
49
45
4
12
20
20
7
27
6
29
28
31
27
35
36
49
21
16
33
8
20
6
36
42
34
43
7
0
10
24
46
24
49
34
7
12
38
26
26
20
36
21
23
49
10
26
24
33
15
42
49
2
27
9
16
43
21
14
29
31
19
47
45
15
21
0
42
21
3
0
30
43
18
42
16
28
14
2
36
1
27
1
23
12
45
48
11
12
37
11
46
20
24
29
0
38
31
46
15
20
43
49
30
26
36
3
30
32
26
34
33
32
46
8
17
39
45
3
28
29
43
24
38
32
38
44
26
14
11
9
21
18
7
22
27
27
40
14
40
6
37
43
13
31
4
37
48
18
31
41
25
36
35
21
24
41
27
10
2
49
41
20
3
20
18
46
11
0
13
42
15
33
24
40
47
47
17
41
3
40
48
49
14
6
14
14
2
1
47
29
9
8
46
18
24
48
31
24
22
21
44
35
20
24
32
24
10
8
34
19
18
35
41
46
31
29
15
34
2
36
37
48
20
2
5
39
2
39
7
42
23
33
14
10
23
1
30
42
39
9
7
15
17
19
43
41
14
11
2
29
13
36
22
24
12
40
23
8
8
39
44
41
36
43
44
45
25
12
22
19
42
25
13
13
20
48
9
15
43
32
20
15
8
19
40
6
33
40
11
44
23
22
31
49
43
48
9
47
45
41
21
39
30
26
49
0
0
46
23
8
2
20
17
43
40
5
18
28
38
9
38
38
11
16
2
33
40
2
13
19
20
41
43
0
49
11
30
46
20
30
15
26
36
33
23
29
46
4
19
16
33
23
33
24
5
42
15
4
22
18
23
2
21
26
1
23
40
1
7
43
20
12
39
1
42
10
42
45
20
12
49
6
30
36
12
34
0
17
32
37
5
12
18
14
21
27
23
28
47
46
42
0
17
5
16
25
49
26
8
27
42
25
27
22
24
37
7
0
17
17
19
8
39
26
6
20
41
11
27
20
44
44
0
14
26
44
35
34
35
22
6
35
21
9
15
26
19
29
15
26
23
5
4
43
5
4
40
49
43
6
6
39
27
23
0
42
37
16
21
15
36
29
47
38
1
43
16
16
27
14
7
21
14
20
6
19
0
32
14
32
46
49
35
25
16
35
31
42
3
13
15
20
26
27
14
4
32
12
28
1
26
45
46
40
14
32
11
43
15
43
5
0
3
39
28
37
13
12
28
22
44
34
15
44
16
45
20
5
2
19
14
28
28
40
24
48
32
49
27
34
40
34
36
44
32
5
19
46
37
39
13
5
17
9
27
14
49
40
21
31
26
12
36
26
16
4
7
34
38
4
41
16
19
41
6
39
23
33
46
29
6
29
46
5
36
28
37
45
28
27
49
25
7
17
48
13
33
22
41
47
43
35
43
34
27
35
18
28
46
16
6
37
43
22
44
18
22
43
36
0
34
31
7
18
2
42
3
16
48
5
30
39
49
45
9
17
6
20
35
20
29
1
14
15
39
42
2
17
48
22
10
25
30
43
21
38
5
30
25
46
18
4
10
24
7
10
2
20
10
5
39
4
44
11
32
43
29
12
38
22
9
20
0
30
6
45
9
28
41
40
36
48
27
38
5
46
39
11
29
15
22
28
6
19
7
25
8
31
32
42
42
25
1
15
12
3
2
41
13
18
21
33
6
4
28
27
27
16
22
20
17
4
22
48
42
40
39
20
21
35
0
16
45
26
9
0
49
14
36
8
41
27
10
15
8
0
3
49
5
0
38
4
44
36
25
1
32
26
46
25
3
30
36
5
41
37
10
44
5
0
46
7
23
10
11
5
34
9
33
46
12
32
28
39
42
46
32
12
5
31
3
42
7
0
19
31
33
43
42
11
11
5
46
0
28
25
7
5
35
35
29
4
14
31
19
36
1
48
35
28
3
29
1
20
1
32
41
4
29
31
28
45
12
29
39
39
44
17
18
40
9
17
28
41
31
37
5
32
48
45
46
5
23
45
17
5
15
32
13
10
12
28
21
13
37
46
5
12
24
7
19
0
8
47
4
4
3
2
45
42
26
2
32
15
11
8
34
40
7
2
26
24
15
1
3
19
46
31
33
2
38
45
21
11
14
5
33
36
28
48
26
21
48
27
10
11
29
7
29
35
37
20
25
25
12
21
4
16
29
1
36
12
45
30
18
49
13
47
32
48
5
40
27
45
3
21
14
1
26
20
23
45
5
46
6
29
17
41
27
48
29
17
9
46
19
37
38
34
46
13
47
9
45
16
11
48
30
35
10
49
26
43
46
16
5
33
11
33
7
34
43
38
15
0
15
11
45
9
18
25
11
48
18
46
42
32
18
23
1
40
43
18
26
42
9
35
35
49
43
23
38
40
39
5
27
6
25
22
23
13
28
32
36
30
45
7
6
20
26
39
24
14
23
44
10
13
44
4
22
17
45
39
45
38
37
25
27
23
22
27
39
5
22
42
11
13
24
35
6
8
21
16
47
40
49
8
20
5
1
16
17
13
37
12
38
15
23
22
21
15
21
41
40
11
40
2
32
35
38
10
36
4
34
18
36
8
21
34
46
7
14
46
37
28
19
7
22
8
35
9
29
45
45
44
32
17
27
19
5
36
18
43
29
36
36
48
6
45
33
37
25
40
24
12
33
45
35
26
18
3
16
1
37
46
20
42
34
25
17
24
20
37
15
46
45
16
48
22
22
42
19
40
49
28
17
37
18
23
47
30
10
4
33
29
40
18
28
35
45
19
24
41
33
35
27
1
13
5
14
36
7
5
15
6
45
11
23
33
0
48
29
23
40
1
3
30
20
26
27
6
27
43
48
27
5
9
1
4
47
49
34
13
15
13
31
26
6
36
32
40
35
47
14
40
32
16
33
38
13
17
26
16
45
47
47
23
18
39
36
10
8
20
10
3
18
38
38
22
45
4
15
35
45
10
10
10
9
2
23
46
11
48
33
17
22
37
15
7
36
35
6
49
44
26
9
46
1
31
17
14
3
32
14
46
34
27
27
22
40
3
35
23
10
24
5
19
13
44
29
28
41
31
42
2
34
34
30
49
24
18
20
2
28
23
39
36
35
42
17
7
43
37
18
0
26
6
17
29
27
2
2
36
29
42
27
36
46
45
44
28
44
6
40
1
5
2
36
42
8
7
21
31
43
29
49
16
30
20
42
49
29
42
4
30
14
31
6
6
11
45
36
7
2
12
2
48
13
20
7
31
3
17
40
5
6
14
37
21
30
38
45
30
37
45
41
25
1
42
1
21
3
11
18
35
18
38
10
18
30
4
0
20
34
38
5
2
27
2
38
6
35
21
31
3
47
9
2
23
12
40
1
13
37
30
47
12
2
24
5
1
12
40
8
3
22
11
21
38
32
3
34
28
14
14
23
4
7
26
13
46
39
22
3
31
27
32
15
27
27
4
43
47
25
4
32
45
42
16
17
17
42
16
24
10
27
20
30
31
16
29
7
41
44
29
19
38
9
35
40
13
15
30
28
13
1
10
7
40
35
40
8
40
2
31
24
47
21
23
49
46
27
42
4
37
32
31
1
23
22
3
31
9
35
3
9
36
44
21
38
21
41
23
24
19
19
40
38
29
25
28
15
3
15
49
6
21
33
22
18
33
6
14
3
39
10
19
48
7
5
23
0
47
29
49
1
15
17
16
30
23
25
15
16
28
5
22
4
22
45
21
6
1
9
46
19
48
43
35
34
12
23
11
2
46
2
16
26
25
0
2
21
19
37
5
29
20
21
13
43
14
42
44
25
4
10
20
32
10
1
31
27
40
18
35
10
14
11
3
9
47
30
10
38
36
5
37
8
9
36
11
7
23
45
34
25
26
2
4
47
35
14
2
1
43
9
10
39
37
29
15
4
40
18
35
30
47
45
8
39
29
43
4
14
3
1
4
37
27
37
40
41
4
31
47
8
21
34
45
46
23
38
25
0
15
22
35
48
11
23
25
8
2
34
13
18
22
31
43
10
36
36
21
47
1
0
36
2
6
36
20
48
38
36
41
24
21
17
13
33
16
24
25
31
38
44
30
28
12
33
35
25
3
10
38
4
20
45
26
21
22
17
42
47
18
42
32
2
8
22
23
23
39
0
43
46
40
5
28
45
30
5
40
11
6
43
39
14
27
19
47
40
47
47
49
13
33
28
9
38
43
35
36
15
18
21
15
17
31
18
19
1
28
28
35
32
33
38
44
14
41
15
47
30
44