3

1
6
2
3
5

1
6
2
3
5

35
25
38
22
42
22
3
32
44
29
5
9
24
47
12
30
34
34
36
23
40
30
0
14
15
5
48
6
5
45
34
34
42
20
14
24
13
47
47
29
40
16
29
48
0
49
38
31
1
49
35
27
10
9
12
25
13
36
6
13
34
30
27
37
17
14
0
11
10
19
42
36
11
0
3
14
44
43
28
0
38
46
46
14
49
49
42
9
44
22
45
8
39
5
6
32
21
32
20
31
10
9
29
49
48
19
22
18
13
49
16
10
16
4
43
25
23
36
44
36
21
20
15
8
46
16
23
31
48
29
1
7
23
1
34
12
49
45
4
12
20
20
7
27
6
29
28
31
27
35
36
49
21
16
33
8
20
6
36
42
34
43
7
0
10
24
46
24
49
34
7
12
38
26
26
20
36
21
23
49
10
26
24
33
15
42
49
2
27
9
16
43
21
14
29
31
19
47
45
15
21
0
42
21
3
0
30
43
18
42
16
28
14
2
36
1
27
1
23
12
45
48
11
12
37
11
46
20
24
29
0
38
31
46
15
20
43
49
30
26
36
3
30
32
26
34
33
32
46
8
17
39
45
3
28
29
43
24
38
32
38
44
26
14
11
9
21
18
7
22
27
27
40
14
40
6
