5 4 3 2 5 1 6 1 2 4 3
5 4 3 2 5 1 6 1 4 4 3
10 200 39 89 25 50 96 49 56 13 4 68 23 41 93 24 98 74 10 50 99
20 30 1 98 85 21 60 85 83 46 95 31 48 100 6 74 53 58 76 65 77 19 36 58 42 6 92 22 79 28 47 11 45 44 4 79 9 82 50 18 96
30 45 39 11 30 38 30 85 27 90 79 46 58 19 50 82 57 81 52 38 5 8 41 41 39 17 11 29 26 36 94 63 49 6 85 21 25 21 12 85 2 85 100 42 46 12 61 33 1 26 90 22 17 19 1 50 74 23 14 85 94
15 200 39 11 30 38 30 85 27 90 79 46 58 19 50 82 57 81 52 38 5 8 41 41 39 17 11 29 26 36 94
50 500 78 82 3 89 58 65 50 34 29 59 67 37 89 22 23 8 20 20 67 4 72 88 45 87 90 38 20 75 15 67 21 39 70 3 4 72 80 39 100 52 69 70 64 96 52 20 19 96 25 72 17 93 67 75 16 45 27 4 31 52 43 95 61 20 89 46 85 19 74 88 94 18 76 97 90 58 6 62 28 65 89 24 73 40 76 3 49 85 92 73 94 56 70 71 18 56 62 37 56
50 1000 32 97 13 71 72 93 48 53 38 81 52 62 65 70 73 28 11 64 52 63 67 62 86 59 74 65 58 76 43 5 61 68 8 7 16 67 38 21 98 7 58 8 90 39 54 58 55 86 73 67 49 77 52 76 52 86 79 63 97 60 80 83 81 11 18 42 6 55 20 62 33 5 32 42 74 25 69 37 35 46 71 76 23 71 79 13 51 6 80 70 86 66 14 17 5 72 90 62 72
100 1000 80 14 87 37 40 68 88 67 87 88 4 53 100 56 55 69 8 12 47 41 85 61 45 45 37 70 40 95 73 27 14 4 8 72 56 64 24 14 10 96 37 62 5 95 2 51 98 49 70 75 25 95 80 35 74 100 29 43 56 92 58 41 50 7 33 70 47 95 98 25 33 83 89 11 9 62 96 88 90 28 34 59 37 29 56 76 83 52 91 74 99 28 55 26 5 31 83 1 52 18 45 40 93 47 39 64 19 32 44 84 12 48 10 82 99 23 44 15 80 52 9 19 98 50 84 62 60 57 44 5 94 38 15 15 69 89 48 91 81 64 20 85 93 8 33 94 43 59 93 50 100 99 25 88 19 13 19 44 5 95 98 100 62 31 14 74 70 68 6 61 98 74 63 78 93 83 17 100 96 74 72 78 23 95 34 75 27 84 23 25 37 19 50 11 53 48 54 100 77
50 500 60 98 67 45 59 41 87 49 63 8 42 100 55 10 95 58 98 32 71 80 43 75 87 59 98 85 47 43 35 64 90 34 69 34 19 41 14 12 33 34 29 83 71 82 3 39 46 59 49 20 93 22 28 3 34 13 59 55 6 13 19 82 94 55 92 89 20 98 99 88 43 3 15 80 64 90 93 87 41 8 86 100 51 43 6 98 17 8 23 53 91 61 66 25 17 78 88 32 50
0
