4 1500 150000 1700 250000 1800 200000 1700 300000
3 1900 1800 1600
1 1104 86269
1 3937
1 1648 54589
50 2523 3432 4050 922 627 4261 2447 3931 509 2504 3747 1529 4754 4557 637 614 2936 4727 2215 1474 2399 630 1497 2470 2731 1549 1539 1484 2568 1804 596 4269 3004 3390 1336 4967 4370 1044 1997 3747 3701 4714 2399 4235 3517 1865 3144 4472 4308 2774
100 3151 13107 1592 81767 2364 25570 2970 73274 3535 43723 2475 55758 4003 56884 2270 54072 633 13913 3665 98487 3169 45424 1266 55201 4920 79347 2928 87426 1545 56239 4787 62002 2566 34235 2966 96141 525 80529 4193 89757 3833 82823 2834 60522 2417 15051 4415 61300 1399 55425 2682 42111 2057 58463 3306 65121 2562 12517 1533 25949 3130 87491 4093 81739 4174 32976 4288 70580 874 11502 565 78003 1623 19854 3312 40998 812 24366 2873 25133 1728 74043 2546 38980 2632 12127 2239 47883 1346 19788 4550 55910 1441 64508 4177 11873 580 23181 3735 24420 3671 71036 2951 29854 4891 81803 2825 30087 3418 45541 3091 38912 3339 15290 1844 97112 4440 37575 4364 37933 4727 76946 2373 32712 538 89085 670 83748 4830 61325 1271 88101 4882 73362 2790 44017 2061 28518 3534 48965 1373 19398 3497 36646 2749 39281 4423 90971 581 28076 1975 98835 4022 40518 1458 70701 4270 93897 2047 89416 3592 53605 4935 31117 3765 17621 1263 91989 1458 78321 3201 85702 2156 40626 1810 88068 3218 95888 4493 22181 2980 19384 676 16587 4398 80931 4229 40681 3268 80372 2201 61370 1506 17356 1700 90170 3040 93256 2560 34946
60 4042 4225 555 3517 912 1018 4483 680 1578 4947 2394 1020 1253 1586 3848 962 4599 2202 4867 4592 1823 1640 2647 950 3434 678 547 4922 1830 3185 2524 1910 783 4611 4865 4865 1001 1468 3280 4910 2943 3597 3478 1666 2937 1883 1608 866 1763 4926 2516 3434 3396 4734 2257 1880 1972 1925 4312 4521
25 1862 40090 2949 62109 3182 32059 591 31938 825 59608 819 16761 3359 36174 4065 54393 4382 23876 2756 81549 847 95431 1279 79859 4933 83940 1939 19619 2815 92743 1820 90439 1137 91944 642 38446 4564 82347 4583 85665 3858 72064 1301 48937 1210 74334 3505 32733 789 96705
1 4137
78 2972 58724 4331 50798 2281 40480 1661 12196 3409 47501 3068 15609 2097 22445 1063 33320 4231 45802 2305 65120 1551 10672 2879 55081 3420 49448 3589 75828 1572 54556 2655 30255 2355 60437 4582 92594 1738 68178 716 16439 2803 88969 1217 78943 4474 38062 3617 86410 2172 73116 3814 63512 4354 90695 4821 61411 1293 32553 1479 61257 3910 14692 3568 74544 2066 56355 1241 75691 683 98310 4136 66560 1704 92158 4818 22521 3991 85774 3469 73037 2503 93188 4871 44412 4113 48963 1241 39292 1068 91800 4818 20726 3203 46740 1031 36593 1617 77462 518 27085 2474 11893 3324 64507 4259 28594 1781 58811 1729 62717 1629 71518 4060 82779 4882 59084 2709 87013 3961 61349 2225 35564 986 82680 1031 77254 2954 96846 3925 97617 1114 55033 3077 38012 2764 42114 2878 10076 2490 50460 1871 45946 4024 71507 2715 68290 2199 28352 517 34986 3192 89350 4233 55986 4942 51542
100 4256 2340 3851 4945 1874 1266 3290 2889 2117 515 2251 2416 2324 4376 3130 3802 4541 3870 2717 3856 3382 3420 3334 2331 3332 3352 4717 4021 4309 3954 4169 3225 2072 1690 3686 4433 2949 1184 4249 2680 2602 704 2796 3852 2402 2098 3456 588 2782 4758 3607 2309 3600 3223 1440 1434 4487 1711 837 4238 2854 2157 2802 3816 1258 3439 3711 4168 1714 3244 1544 3025 1275 4054 4401 1983 1500 4838 3680 4297 637 4548 3301 1924 2443 3927 4035 1354 3317 1245 4879 2496 4610 3777 3228 1679 2870 1123 1121 3721
1 2125 77624
100 1582 3732 3733 1875 978 2286 2716 949 1340 749 3189 4500 1474 656 3668 4167 4839 3259 2041 4271 1031 3617 928 2299 2728 2200 1258 1542 4191 2582 3110 1453 3717 1985 3171 4593 4975 708 4089 4360 1938 2224 3111 4635 2300 4461 3914 1185 4612 568 1153 3492 757 2208 1085 2583 4280 4578 659 773 4283 692 1731 1028 909 624 3369 3851 3591 4306 3484 2254 3340 4864 3387 1594 770 4709 3157 2073 3224 3021 2850 773 2089 2357 1397 4461 2408 3481 3711 3845 3745 3885 1632 4894 1179 4634 4346 4335
100 737 18209 4159 52225 2166 98622 680 57832 2495 21538 2278 73688 4471 12215 2860 18133 4102 17720 653 44581 3797 38188 1085 81512 4131 87028 1867 48235 1604 60146 1985 40480 4027 96067 3129 19422 3437 50375 4947 74745 4257 73116 2910 90714 4243 36219 1206 43332 2845 18764 2054 61742 696 83346 3430 38228 1842 41735 1964 77366 2755 57352 1169 92298 1965 39481 809 98148 2659 92160 4675 97278 4171 93290 4651 82123 1105 57134 3090 99325 4028 73263 3860 42542 4741 67915 2311 51811 4909 57892 1255 23352 3593 60650 4581 26614 2350 75517 725 18930 2956 33915 981 33553 3345 57374 853 16553 4328 67892 1280 87565 598 43129 4315 73925 1777 90216 3191 87895 4518 48290 3540 59003 4752 81835 3766 83263 4992 33090 1406 77211 3967 56286 2692 46337 4473 81661 3131 13610 4330 51261 1354 36942 3611 10495 1040 37239 4493 77218 4869 58873 3074 59624 2865 58784 4184 95804 2337 66697 1885 37172 2778 62764 2975 97893 1233 67300 4976 76252 3047 43153 2310 94288 4529 70271 4545 93265 4309 44507 2590 81632 2177 77443 2666 40289 2553 20485 2095 47367 581 25486 1671 87210 3153 35843 4990 33213 2812 76557
1 3611
100 2451 79930 2686 74392 2711 97435 3723 18224 1082 96987 1531 12352 1639 53181 4785 45922 3756 85093 901 65070 4982 59464 2905 41203 4758 97264 964 59755 2388 70448 1034 33880 1754 53174 4070 87207 4039 70913 892 45074 3509 36482 2785 91457 1022 86849 976 44773 4575 28108 2843 47494 4496 99286 1798 54323 4528 59032 1466 78370 2017 53738 538 99008 3458 93324 4860 34078 2932 49623 3920 85815 1528 34711 3678 47048 1086 27578 3024 63865 4821 57950 3241 23397 2362 35181 3630 34035 1465 43091 2617 40455 3226 26308 4460 72476 2906 15234 1967 72110 3403 83076 4512 38383 2722 39704 1075 22610 1654 17922 2925 73263 3034 71629 1518 27946 3054 89586 2400 10381 590 37477 3269 17610 1510 71262 4933 40696 3205 56659 604 39685 1127 32574 3965 71308 684 16963 3762 19288 1926 34240 723 12805 1125 45939 4702 67454 1589 71168 1731 56371 1948 95381 2085 82321 3386 85900 3228 88335 2323 71110 3293 57496 3040 58219 2272 90849 3347 59421 742 55768 1288 29352 2456 59136 1627 34384 2886 52591 2315 19337 2181 68898 2949 59028 4298 75085 3581 12737 1886 71417 1201 92213 1138 89121 1473 85743 4317 40192
100 4499 1219 4321 2218 2479 1030 3205 1714 3501 4098 3217 536 4786 4639 3393 2208 3029 4473 2568 4007 3194 2400 4701 2338 3226 739 2618 668 3669 502 689 1000 1128 2786 2103 1719 4927 4591 3447 4110 4189 1603 4138 1579 3031 2110 1214 3996 4624 1911 4459 2058 3459 4982 3975 750 2457 2193 1822 4173 2485 3647 3357 2836 752 3529 4512 1275 3392 2693 2034 3697 4889 597 4538 2224 4253 1286 3725 948 2010 4865 3455 4031 2576 2620 2717 3979 3755 1372 2483 2939 3072 4671 4279 1174 2192 990 618 835
50 591 78947 834 81809 644 23996 987 84343 974 11690 698 67042 868 92139 769 45171 502 82348 992 91653 831 40823 619 79752 968 96430 587 62682 757 48468 897 94221 863 73028 845 68820 768 32312 890 20718 822 44829 780 67729 739 98029 619 11095 978 38081 639 47400 798 98751 854 38649 767 50382 751 47585 583 45593 694 28064 909 42399 575 61019 923 80251 811 75794 668 22844 627 41442 639 52098 574 21723 626 27685 901 58380 599 48629 936 61985 777 45219 598 66287 538 80757 528 77172 691 71417 796 21625
50 3155 1297 1965 2527 2143 3648 4948 2428 4355 1901 3838 2391 3142 1355 4310 1836 2854 2162 4241 3371 3461 4019 2020 1233 4315 2263 4250 4827 3517 1414 4416 3534 1984 1832 3031 1487 4625 3832 4278 2536 4693 1536 3866 2019 1015 1484 1807 4054 2513 2929
60 4227 34089 4277 70442 4843 55258 4711 97098 4538 47907 3544 18795 4662 21664 4119 50854 3089 29290 4646 58479 4849 91718 3188 71031 3085 48040 3883 96119 4191 27100 4020 56965 3394 42376 4755 98333 4554 15805 4812 51261 4668 25910 3295 91600 3571 13875 4002 99152 4671 45667 4987 81701 4684 68150 3789 91514 3941 94118 4104 91888 3954 48414 4177 38558 3298 63040 4702 35000 4730 80842 4552 47362 4998 81179 4151 20216 4148 11294 4805 40303 3737 59580 4275 62446 3970 67092 4695 50159 4000 82932 3006 24464 3650 29254 4792 23339 3215 38548 4017 83934 4992 86669 4218 13384 3126 66766 4640 33896 4939 59535 4148 65676 3149 25335 4873 34056 3166 35418 4453 33653
60 1210 1277 1480 1738 1301 1874 1976 1822 1075 1315 1926 1860 1133 1442 1364 1748 1028 1315 1750 1887 1040 1588 1664 1873 1425 1974 1197 1114 1130 1587 1122 1266 1196 1055 1963 1335 1964 1723 1219 1933 1009 1982 1032 1253 1552 1009 1765 1084 1817 1035 1528 1209 1289 1490 1371 1392 1654 1195 1181 1685
30 2418 52662 604 11859 971 66307 3491 95698 2446 73691 2046 16665 2391 73146 4119 95679 4245 60725 2977 55099 2649 71244 3091 87145 2525 52406 4245 70807 2860 60710 4126 64664 1666 37922 3221 14126 2559 90272 1544 49974 3648 93296 3633 66325 2227 49362 3389 42069 4032 10737 3882 76784 1879 11346 2022 63027 4042 88333 1438 17356
94 1039 4951 3405 1077 3609 4818 3234 1546 4831 3653 1323 3948 2769 3083 2146 1822 2392 2869 2576 4399 833 1395 4719 3235 3279 3334 1595 2276 1445 1184 4953 3847 4456 506 3670 1882 2741 3539 640 2168 2993 4435 2809 1929 3217 3126 1815 2966 1742 550 1898 889 2714 2755 4416 3866 3872 4954 1691 2177 1537 961 2819 2801 1083 4652 4904 807 514 778 3793 4337 797 540 2921 1997 584 539 1451 1400 1829 2978 1631 1551 1448 4492 1573 2999 2537 1991 2330 571 1332 3381
77 1294 91513 940 81538 4452 23167 4249 23505 694 35761 2049 63059 2491 81411 3492 20727 1410 77155 1021 95738 4152 29785 1787 32691 2403 32377 645 32659 1376 41493 2544 88688 3468 65394 4391 44788 2417 32004 4236 88963 4599 64443 1012 16504 4089 89692 2895 92869 4689 77928 2167 51071 2083 45644 2621 11539 1073 25121 3051 88445 3701 23454 2560 66458 1108 17172 3254 31188 3403 25439 4352 37876 2428 59497 4489 92474 4302 71607 811 26811 2906 98662 3768 27249 2102 96622 2785 88329 4361 80359 3322 69926 2039 20837 4769 12936 1719 65251 4843 28915 1611 86312 1972 46266 2119 14450 4739 72796 530 18743 1109 43200 4507 22677 1526 38030 2798 91098 2928 91320 2939 48891 4422 62275 2637 56121 2100 48979 833 28469 3934 22022 1437 24723 2133 14435 2121 64873 3551 88062 891 67944 1383 40818 3088 85416 3518 98677 580 38448 2662 13258 735 43009
22 3016 1109 807 1935 3837 3052 4986 3223 4507 3078 2664 2370 821 783 3463 4367 585 1311 1973 1909 4254 1636
31 4779 36506 3352 14373 2441 93450 1478 42081 3444 60899 3092 64770 3539 39040 2083 45730 2851 61030 4433 45625 2522 84939 4870 31860 3787 32285 3835 13467 2782 61298 3648 92533 4078 60677 2737 11190 2987 60600 3840 24885 3149 14642 3767 83945 2470 71892 3481 37324 897 78220 2107 24524 2490 84965 4794 61061 4865 25608 2707 10753 1553 88891
49 767 3445 2793 4945 4972 1055 1679 4962 1985 1312 4603 3278 1887 2995 2423 2561 2985 1264 3270 4799 3164 4044 1771 1195 528 4916 1035 2210 3446 3806 3282 2478 4168 2491 4259 743 3749 937 2244 2495 1319 2520 4338 663 1372 4891 2525 2254 4607
78 3191 26236 3991 60079 4094 15843 4676 30683 4324 49744 4500 19147 742 52146 4688 51878 2784 24777 2935 48449 4496 76686 2650 23406 1156 97413 3250 30247 4150 29451 2543 88946 965 19265 736 23653 2185 38948 1760 11274 2692 50083 3834 37278 3115 38183 3889 25673 2702 50120 2564 58430 2913 38471 4209 95634 3016 67195 3757 38783 3165 51633 2680 45472 2913 29632 1584 28014 3175 32079 4013 91477 3919 39545 4742 40985 2127 63575 3473 46795 4040 86818 1799 30214 2288 72875 3514 25806 2249 91168 4820 64380 4011 85583 1500 15929 3251 44622 3699 36431 2453 82747 919 46706 1189 58025 3798 98847 3891 22982 2466 58797 3370 73076 4880 94799 1438 24254 4866 24447 4857 20785 3132 21689 1102 40045 4072 73204 1928 22338 2114 25673 1557 54726 2699 93036 904 57960 3042 22849 2122 22408 4522 41369 791 52766 2881 89851 3736 28552 4588 10455 3638 13794 4189 27046
18 4088 4161 3972 995 2301 971 3734 4974 2852 3434 3502 1142 2171 2070 3878 2351 2156 2971
21 1571 11876 3513 51108 3275 61098 743 83357 4185 10682 2436 80715 2369 87381 3629 69457 4576 80106 3132 14257 2545 71987 2854 62626 2072 85708 1604 67559 2465 23386 585 21692 1797 52513 620 16042 4084 98222 2439 52281 3212 18718
7 2924 3533 4750 3394 2952 2345 4604
53 3802 49408 802 63265 4397 43238 932 19514 4579 19998 3444 17875 2806 92008 1555 37663 3251 61613 3022 45283 684 63571 1745 65838 2470 34175 4982 38947 4870 52994 2903 34199 1282 73553 2550 62665 1321 55897 3464 78378 3500 47241 3584 63719 2648 66727 1878 15685 1165 97545 4518 84433 1666 85497 4053 58709 1863 19614 4991 99890 4329 50118 3784 91945 2939 21261 4894 58396 3964 66026 791 51577 553 33931 4827 72232 3046 20084 3584 64490 3369 71950 4676 50263 3250 57679 3151 71141 1346 14999 1023 13843 2998 37460 4031 24571 1175 87905 903 41759 3605 60644 1700 22122 3100 32331
48 4353 1692 4699 597 3249 1770 2636 2464 4141 1333 3955 653 3365 4207 2432 4321 2096 2097 4599 4957 4052 1532 4741 2145 4405 1948 1479 1659 3609 4908 2844 982 3581 4544 4017 508 1905 3995 3656 4983 4542 4092 3603 2212 657 3957 2557 4393
14 3405 89752 3656 49254 2822 18852 1591 61745 1300 42264 3394 63527 4523 48988 2991 47966 3897 66311 4755 22733 1072 36323 3273 67468 1407 34427 3180 33794
86 4235 979 4022 1188 3714 4020 4746 4560 610 3475 4597 3967 2544 3876 1778 4114 2328 4870 625 3122 1084 3948 4868 2714 4286 1548 626 4115 2347 878 3528 4555 877 3249 2064 691 829 704 1880 1885 2919 3293 4327 4353 1270 3325 4445 1624 3214 4948 3355 3657 1898 4967 4242 1952 1858 521 2665 4431 4032 1164 1587 1225 1668 1411 1242 2989 4615 4346 3296 1923 4588 1449 674 1472 4056 3653 1898 1489 3368 2802 4074 2506 875 817
24 3717 60051 543 95767 2562 58631 1365 31905 1464 64581 4589 33770 2072 35874 630 10945 4015 97977 690 16922 2535 37380 1610 88280 1368 27521 4578 66086 3587 70153 616 98015 629 30466 2638 85386 4773 10795 1122 11437 1117 92238 881 58525 1376 10712 1758 33304
53 2943 4432 2885 2900 1755 1309 2657 2273 4558 1437 615 732 1927 1485 2286 4462 3777 3170 4244 4456 792 3601 1090 2348 2253 1722 699 1374 3679 4808 4593 602 3063 1358 2844 2901 1230 895 2662 736 4285 4499 566 4104 4274 678 3142 2637 1288 4185 3048 4156 4708
97 4428 15710 2020 52736 2805 43081 4177 62409 4310 49876 4738 42027 4970 60969 2197 65857 978 71819 3199 82467 840 47754 3138 15474 3932 91038 3316 78775 4750 50919 2804 89938 3546 34902 3152 79066 4299 21681 1252 71872 3722 75659 2702 44536 4822 32926 1790 12232 880 66274 3482 29702 3831 25339 2174 67307 3998 50755 4138 52485 3488 85016 3032 60627 4699 13062 584 13275 1899 58385 3281 71325 576 88650 1569 97069 2056 86031 3707 12062 2804 45433 4971 30878 2277 25681 521 58456 3290 24630 4269 29990 4719 70606 4871 49409 4273 64470 3718 46947 2801 34468 2016 93300 852 84895 3875 24580 2437 85177 2790 55703 2767 25472 4959 77351 1785 41258 3685 88311 2982 35772 2115 59024 4489 73353 1515 11805 3459 33697 4445 24440 4984 82069 1635 11413 4194 19946 1184 44592 1276 18533 2971 68930 4034 15210 730 52511 3838 28708 3180 19947 4544 88619 4714 45017 871 83578 2486 41454 2423 73827 3777 49225 1699 23577 737 96600 4853 16054 3169 97584 3092 97360 1154 74741 4286 20313 1419 95200 1549 65487 4603 74019 3979 36914 4323 22447 2300 54024 3668 13067 838 43131
67 1200 4594 2496 3152 2418 4367 4666 4552 865 3249 3997 4629 3003 2615 1292 536 608 1753 3742 2310 2938 1721 4880 4642 1688 2229 974 2279 1586 3770 1907 3587 619 3681 3368 1807 3970 4389 4576 3625 2476 3132 3929 1921 4476 4040 3625 3916 730 4159 2510 3589 3428 2406 3811 4360 4975 578 4618 3988 3181 3930 2067 2320 682 4678 4133
52 4208 24957 3066 75077 3123 97906 1653 71142 4006 45171 4732 47082 1159 25335 2269 98826 4618 90965 3484 55300 3391 64466 4797 45363 2263 75630 4117 76540 1218 67022 1710 34675 1649 10793 1038 70463 4082 19618 4761 51924 4021 13737 859 83309 934 13369 3459 13943 2367 83363 1013 85837 4596 97756 3264 83921 1216 61671 4440 87898 1272 84585 2291 56123 4088 70143 1967 87037 4689 82770 724 11365 3090 18948 892 88409 714 35305 1872 93929 4761 80612 2564 20551 4838 30112 3385 80064 2794 89696 4726 42943 3693 18496 2439 70496 1736 43591 3918 28993 4651 22678 1503 65296
62 1535 4280 2115 1072 3511 2423 3308 1003 738 1829 2818 1396 1437 4263 1589 2061 4421 4991 3975 1132 3941 907 4098 1742 1486 2418 1140 3501 4204 3499 4089 1225 1726 4269 1969 3861 3051 1172 1496 4655 4559 3182 571 575 4720 4094 3641 1668 4589 828 3596 3597 2166 4158 1353 4830 4698 2026 1984 4077 2044 3148
70 3893 34827 2090 16753 4120 86023 1503 52481 2057 35453 631 63524 4778 25394 3894 79572 2910 86325 2405 65907 806 23744 3142 85800 2634 94024 2722 46912 4027 92859 4555 69356 1467 37792 3009 13256 1844 80917 1630 68338 1867 22003 2000 38905 1750 37953 4634 61728 2737 33776 1804 81939 2003 23413 2243 70602 4734 84968 2727 25164 4488 13561 3123 97438 1926 57061 1874 47397 989 65584 3657 21630 546 31729 2094 49110 3706 56829 647 11712 2496 25162 4137 77138 4119 65517 1442 81290 1802 24846 675 45134 4798 71576 3470 44200 2463 91866 4996 40025 3146 53823 1414 56022 900 81655 2321 68888 4012 31190 4765 98826 2684 16500 3378 71066 1481 80016 1768 33406 883 65708 3902 72487 1874 36757 742 25799 1645 28792 689 45932 544 55295 512 44350 935 24575 3636 16536
95 4012 3562 3384 2889 3750 1491 2328 580 519 2371 3276 4845 4275 740 4629 2281 2365 1216 912 2534 2950 4335 3491 1363 3181 4194 1613 1816 1660 4875 1162 3346 2127 3762 2751 1485 4369 2917 598 1483 1259 1949 1232 3404 3238 2245 1659 3359 2190 3956 4388 3738 4726 1856 4330 2326 4361 3278 1789 1761 4357 2675 1187 3111 1136 775 1671 3988 1437 4386 681 2017 519 3596 3268 4030 4171 4585 2406 2150 3239 2687 1371 2446 2262 4500 864 3771 3677 4613 3058 3674 1054 4432 733
61 1531 71882 2226 71752 1490 18626 2061 55517 4144 87975 2203 94841 3035 26580 2766 71188 3934 20755 4877 60130 522 35691 4245 14897 1903 71058 1073 74615 3153 34159 4147 16565 1370 78796 3209 29493 2267 86347 1279 15799 2743 28352 3572 32007 1351 65241 4819 59349 4848 99244 3882 61667 2175 17098 2877 26136 3051 49019 3006 61813 3020 93478 2993 20578 4480 76742 2155 49938 3030 45258 3514 99830 735 92578 4956 87669 2585 69693 2600 43589 1203 28088 2648 35395 1436 64813 1772 84908 896 30427 2410 29277 4267 54298 777 28360 3644 37808 1847 28968 556 78247 1965 31959 973 55485 3825 95237 4697 11552 2732 53676 2972 48386 4674 63454 2462 96649 2831 10730 3322 96858
12 3439 1398 4273 660 4312 1107 4286 1303 1158 1632 2768 3615
52 4762 85472 2150 13387 2342 96678 4793 25195 1387 97915 2023 72644 4681 84323 4120 65140 4135 31170 4569 29174 1054 79270 4962 78311 3304 18008 2877 26068 2933 46878 1131 58961 4062 74331 1130 94271 4694 42283 4901 27145 2301 85687 886 45489 544 29041 2102 85062 3314 18538 4085 78309 1880 25596 3807 94382 1486 39697 1996 97027 729 11673 1318 51617 4847 13306 4090 57288 4506 96751 3731 32491 4597 11067 4946 47197 1715 89471 2743 44717 1873 47729 1617 56615 2462 33758 526 23639 4015 73775 4657 23423 4670 89854 2075 95906 4928 86106 3006 88396 1194 21947 1124 72528
8 4821 1374 1115 4485 4452 1072 650 1752
28 1154 85164 786 51057 3724 74267 1892 22030 2417 42401 2516 36314 2638 97695 535 30694 4321 54953 4028 17123 4955 10225 4038 32090 3703 82425 3805 95934 1501 86692 3280 26500 1482 18152 4562 39734 2061 20979 4114 60060 1421 81571 2914 81341 3677 48822 2104 90354 1315 19146 4365 71868 4666 64959 4997 48826
1 785
67 2264 43153 1968 56496 3194 16362 4520 41287 3818 41193 1037 39636 1513 37372 3507 71068 1361 73478 3272 24607 3110 15125 3473 33916 3152 94395 3679 60238 3065 32303 2608 14911 2718 97137 2764 76974 4563 60934 1084 99111 2790 48519 782 75091 4311 57888 1333 73565 1353 41237 1574 57421 3424 60250 1243 31125 1488 55939 4837 69007 4368 18122 611 59014 1533 39932 3790 18439 4453 47136 3172 13820 779 70596 670 67302 1901 37020 4800 87681 1880 44645 1826 20791 4791 68577 3715 48159 1438 66772 1605 92211 4753 97118 1467 36646 4381 51858 3012 74250 1447 51655 875 12776 4858 74987 3299 28436 1828 92766 4973 67829 4656 45524 4297 75517 1496 92953 563 34153 2721 94427 2084 19849 3752 70301 1039 72021 2246 47899 4733 84910 4898 73190
26 2239 2181 1137 805 2803 1219 3120 1454 2762 4542 2594 4661 1854 1106 3683 2452 3509 3104 2461 2135 1480 4961 1415 2575 4516 4174
99 1780 88124 796 94812 2515 71379 4524 56700 4192 85480 2791 92006 1617 24131 3687 84176 2353 12719 2432 30282 823 24871 3210 44154 4086 29790 3217 34151 1777 23482 3839 35351 3518 71965 2994 69594 3569 18762 3977 56653 4166 19982 758 68191 1882 98648 1878 50606 2048 60295 1456 96433 1732 92755 4932 40440 4176 90679 660 97373 2227 40505 4116 25068 622 97137 579 67409 3060 47832 4218 83465 609 65629 4364 45020 1060 61680 574 44533 2747 29330 3135 84493 2624 58807 1352 10754 2623 32549 3341 19053 2536 56470 4027 14683 4502 23851 4633 83061 4507 93294 872 42558 3166 39810 3471 88328 1416 38590 4421 39736 867 77223 1819 62502 796 60854 4163 50010 2138 79269 2863 52747 1284 71096 4231 10030 1888 68646 1175 87261 1104 31950 2558 22423 4576 55580 2253 64961 3864 58981 3408 71334 2463 35211 1064 69644 2201 95805 1734 80436 2481 23962 2256 66490 3530 41276 1516 24051 3167 71187 4555 54075 1988 81885 3358 75266 790 84100 2270 70361 829 10019 635 16754 893 87514 2968 15533 4995 48766 3569 69610 2099 84313 4852 46879 2094 48047 4243 55196 957 10923 3475 23338 3951 63975
63 1450 806 3514 1221 4914 2812 1972 4119 3280 3464 4050 2536 697 1217 4961 3308 607 1165 980 1654 3444 4673 3073 2746 4650 1089 4545 3393 1562 3955 1287 3164 2570 983 4718 1380 2145 3366 1715 926 1851 2195 4131 2953 4651 1127 4222 4937 4925 1847 952 3938 2480 3380 940 4839 2279 4845 534 1822 2612 2161 1442
99 4716 56708 4038 67766 1120 72844 3865 74517 2711 14377 4236 97173 800 13835 2444 76327 2522 83645 4461 63599 3273 67958 2170 28322 4597 33358 4220 56628 3827 80871 4474 85451 1974 85091 4412 67774 1393 98658 4095 44578 1863 83315 3469 43697 4581 99098 3554 84838 3185 37445 4094 73022 4465 41314 4725 72535 3877 85824 2548 85522 4510 97383 3197 15555 1586 27754 1132 44076 3145 99070 870 96156 2961 82094 4226 41826 3663 76958 1980 93218 4469 10989 4346 44816 4809 15261 4293 56044 1744 54249 4254 48548 2551 89558 4283 29816 2802 46086 1363 28126 1003 25052 2397 32761 3764 18352 1579 96552 3068 26551 4196 11522 1874 22468 2352 52041 4623 54601 4547 96222 701 19540 4147 36470 2585 68933 2423 88009 619 33624 778 33343 4937 12582 2947 29646 3836 24751 3847 56763 4833 17138 2856 91934 2844 48321 4656 84596 4018 46561 1975 35380 4882 16989 1108 66925 4476 98108 3240 87428 2137 56386 3960 25732 3661 48217 704 42046 3834 81964 3581 75100 2165 37908 2294 49446 1968 89694 3653 23636 1097 53001 3367 72454 2422 61985 3224 36475 4125 41019 1091 23047 3417 52688 4303 88920 1547 80206
55 3572 3032 4981 1264 2390 2344 1714 3276 4351 2659 864 1682 3738 2567 705 1639 2886 1949 1427 2216 998 4491 1946 2611 2844 2521 4648 1194 2723 1201 773 3671 2005 3831 2696 666 862 620 3090 2321 1812 1851 2443 4393 4513 4208 3857 1041 2173 4198 1414 3764 989 4167 1662
26 996 90980 1827 35168 1150 15186 2205 49997 1909 10622 4510 85824 3331 22275 1175 53669 1273 35333 1486 79252 3507 28671 4767 64348 4070 70404 2585 52275 2422 16143 4741 41006 749 19357 2226 74337 2749 39779 4578 16162 1707 89548 2609 51893 860 63725 3777 85461 1010 61421 4172 90292
97 919 1150 4577 2220 2407 3799 1482 1159 3019 3279 4708 956 3404 1059 3124 3396 2375 2275 2362 4202 4324 2530 3849 2461 2483 3302 3237 2557 2651 4378 1994 3321 1135 4900 695 4012 1249 3466 520 1971 685 2398 3286 577 2973 2308 4427 2278 623 1580 4438 2687 2257 1912 1798 1126 3048 1129 1136 1156 1566 4524 1392 638 4775 2704 4865 4045 2614 2426 502 2390 1573 2205 4362 3286 4741 3959 4340 989 2810 4202 3997 4187 2428 1081 2845 3055 3931 2153 4539 4446 3868 3851 4954 910 2074
45 3543 49524 2195 12536 715 53918 1952 30791 588 16936 1308 52762 1540 51371 3835 16802 3328 78095 4571 99467 1341 13916 3419 58939 4576 63577 4200 10995 2616 27860 1316 16486 4756 45245 4087 79660 4136 37215 3955 50912 4706 71254 4541 95806 2108 42111 512 84942 3279 24798 3301 94860 4666 99190 2016 32552 514 22908 1657 66414 528 93635 3417 87178 1780 57113 4613 19879 851 23467 1413 26036 640 24117 2480 38855 2510 55178 3683 62077 4869 95033 4545 56971 1594 50698 2712 56257 4729 70337
43 4713 1179 3380 1693 582 519 2168 1328 1972 690 632 1614 3764 2670 3749 4621 2747 3142 1398 2081 3868 4037 1150 1372 2578 2517 3265 4399 1610 928 896 1905 2164 1049 4243 2121 1622 1776 4476 3331 4143 1060 1253
41 1114 27724 857 16543 1192 31951 1856 64160 4995 61611 2655 44770 988 69392 2544 69326 2276 29109 2001 23526 1708 95715 1381 63817 4667 46219 1949 19669 1096 93538 2617 39210 694 73844 1103 54905 3896 82227 4365 33170 1202 20696 1930 40748 1384 20938 2370 47842 1098 83828 899 44975 2236 45451 3283 56463 3210 75896 919 96891 2855 77891 1398 52567 3973 38587 3008 88521 2878 57163 3646 92944 1672 97693 3832 45389 1267 33361 2330 73568 2318 14830
47 867 4727 857 4563 4613 3249 3468 4342 4262 3709 3893 4652 1587 2344 3886 3576 2305 4988 708 1346 1164 2025 4724 4962 3970 2393 4682 1996 2917 3728 2071 3683 4623 2077 3985 820 4584 2606 2106 4813 915 2820 4797 2198 1683 2560 3492
0
