5 10 20 15 190 56
6 10 20 30 40 50 60
6 330 340 350 0 10 150
4 0 90 180 270
10 228 221 200 159 228 296 108 252 138 184
6 98 11 286 156 111 90
5 173 243 229 223 318
20 335 285 213 307 224 283 280 1 244 338 232 280 339 227 7 221 218 214 293 2
100 232 2 347 217 222 262 243 341 15 239 318 250 249 287 329 295 255 314 5 234 348 296 13 214 8 252 234 341 255 328 275 257 236 287 243 299 231 315 227 227 11 300 354 294 4 205 18 258 220 293 316 308 333 331 301 268 319 277 12 271 2 314 222 313 234 292 347 334 14 326 202 308 280 310 338 229 239 289 249 7 202 296 237 263 344 5 354 247 265 273 0 7 10 356 310 315 329 283 278 284
0
