30 10
75 33 4 29 69 3 60 60 90 10 
18 74 20 10 19 99 11 88 16 43 
85 52 80 15 83 59 50 43 22 46 
83 76 5 35 89 32 85 82 16 31 
97 32 17 12 84 44 6 90 38 16 
75 77 70 89 75 67 7 19 23 24 
0 67 15 74 40 23 48 92 12 37 
67 85 84 62 60 70 8 87 0 83 
29 95 41 6 99 92 25 66 16 54 
41 8 98 52 7 89 84 72 39 95 
50 91 34 44 84 29 10 71 17 20 
73 23 82 88 71 14 84 94 26 11 
28 3 84 97 40 1 44 2 56 23 
57 95 52 81 89 35 60 15 61 45 
42 59 35 99 28 92 51 45 17 28 
45 47 73 15 67 37 37 31 82 16 
55 99 45 92 7 20 30 51 98 52 
72 85 20 97 29 83 54 18 63 50 
8 54 57 92 50 11 37 39 64 76 
10 66 41 49 22 26 39 75 74 48 
28 46 34 28 35 67 64 7 46 95 
79 43 52 1 2 91 4 68 97 20 
51 16 45 56 45 15 41 8 33 80 
80 58 61 26 51 64 67 33 67 58 
66 1 76 93 14 40 72 97 29 37 
58 71 2 28 42 15 11 25 68 68 
87 67 98 29 59 19 57 63 83 4 
58 4 52 17 84 36 43 78 17 72 
2 70 12 58 44 63 39 83 50 10 
88 30 90 23 37 93 25 48 53 37 
5 2
3 7
8 10
5 2
9 11
21 18
8 6
5 2 20 1 30 10
23 15 7 9 11 3
40 50 34 24 14 4
9 10 11 12 13 14
31 4 18 8 27 17
44 32 13 19 41 19
1 2 3 4 5 6
80 37 47 18 21 9