8 4 3 5 1 4 7 2 4
4 4 5 8 6
8 3 4 3 4 3 4 3 4
5 3 4 1 2 6
50 20 20 20 20 20 20 20 20 20 20 20 20 20 20 20 20 20 20 20 20 20 20 20 20 20 20 20 20 20 20 20 20 20 20 20 20 20 20 20 20 20 20 20 20 20 20 20 20 20 20
10 6 17 20 7 7 8 14 16 2 1
20 8 9 6 2 16 13 13 3 19 19 8 11 15 15 17 7 19 17 7 8
30 4 10 10 8 7 11 12 14 11 1 5 5 11 18 16 16 17 5 16 15 2 1 1 16 5 4 14 7 1 3
40 1 17 1 16 20 12 3 18 20 17 11 8 7 5 14 10 3 3 14 6 10 7 18 18 1 5 6 20 16 6 5 14 17 19 7 19 15 10 19 6
50 19 5 6 10 3 14 1 1 20 6 12 9 7 2 19 20 20 3 5 13 20 11 14 14 6 11 7 5 2 6 20 9 14 13 19 8 7 7 7 17 18 7 7 11 12 12 5 1 5 2
33 9 12 2 8 3 3 6 17 8 9 13 5 1 11 11 13 9 14 15 5 10 10 5 9 12 19 19 6 13 1 2 11 18
9 16 18 7 14 17 8 15 15 12
43 18 20 12 4 6 5 12 16 2 14 15 7 11 4 15 1 20 17 13 6 19 20 3 16 17 14 15 9 19 20 8 17 9 4 7 3 19 20 3 13 9 3 6
13 15 1 4 9 1 13 13 17 5 6 11 6 12
15 14 16 17 20 11 10 18 16 12 8 6 3 17 3 15
28 20 16 20 3 11 12 7 11 8 11 1 9 9 7 8 16 14 10 13 8 5 1 6 12 18 17 11 20
24 17 9 15 20 7 4 13 11 8 1 8 9 9 18 12 15 18 15 10 15 13 13 13 9
32 13 19 16 17 16 17 13 7 6 15 18 11 4 17 10 10 1 11 15 9 8 14 1 11 19 14 9 14 13 5 5 18
14 2 17 11 8 11 15 4 14 15 17 6 13 5 12
10 16 18 7 5 20 15 17 1 18 13
16 9 16 16 4 13 4 20 9 19 15 13 6 11 3 3 15
20 16 5 15 15 7 3 8 10 2 4 2 12 18 5 1 15 17 20 13 7
42 3 14 2 8 10 8 4 5 17 10 12 5 15 7 12 19 20 1 16 18 7 8 12 19 8 18 16 4 19 1 3 14 2 8 3 10 17 19 1 2 17 1
14 3 2 1 13 15 14 17 14 8 13 20 13 5 2
48 12 7 13 12 11 2 8 9 4 18 9 14 15 15 15 16 6 20 4 19 18 18 2 2 17 10 8 20 1 11 9 3 8 15 18 1 11 2 17 2 1 8 15 7 3 16 17 18
0
